13480253104	3 3 180 180
13502468823	60 105 7515 110529
13560439658	93 129 9549 116421
13600217502	111 267 10629 303273
13602846565	126 279 12567 306183
13660577991	150 288 19527 306873
13719199419	154 288 19767 306873
13726230503	178 315 22248 331554
13760778710	180 317 22368 331674
13823070001	186 320 22728 331854
13826544101	190 320 22992 331854
13922314466	202 332 26000 335574
13925057413	271 395 37058 383817
13926251106	275 395 37298 383817
13926435656	277 399 37430 385329
15013685858	305 426 41089 388867
15920133257	325 446 44245 391803
15989002119	328 449 46183 391983
18211575961	343 461 47710 394089
18320173382	364 479 57241 396501
84138413	384 495 61357 397933
